11274
17334
18388
18897
21428
22002
22007
22054
22162
22676
22743
23177
23518
24906
25421
26127
26674
27300
27361
28533
28565
28568
28582
28609
28635
28664
28666
28676
28733
28758
28762
28805
29014
29038
29071
29381
29727
29799
29856
29889
29922
29955
29976
30173
30175
30178
30518
30533
30956
30965
31007
31249
31661
31710
31784
31939
32120
32636
32901
33060
33192
33287
33703
34357
35737
35751
35778
35848
35979
35981
35999
36120
36167
36256
36273
36295
36301
36303
36305
36329
36389
36449
36466
36482
36518
36524
36606
36622
36627
36631
36697
36727
36746
36782
36792
36804
36806
36853
36899
36911
36988
37019
37022
37029
37032
37034
37036
37153
37199
37369
37523
37550
37556
37563
37588
37615
37617
37738
37762
37827
37842
37878
37913
37935
38014
38154
38190
38191
38229
38243
38282
38294
38352
38370
38388
38390
38396
38405
38448
38452
38484
38720
38736
38890
38936
39036
39048
39062
39086
39120
39237
39243
39293
39805
39995
40007
40008
40031
40549
40942
40951
41175
41315
41346
41397
41467
41490
41527
41726
41728
41754
41870
41872
41885
41964
42019
42051
42405
42418
42519
42536
42548
42604
42611
42629
42767
42784
42818
42820
42941
43108
43114
43121
43141
43168
43174
43178
43186
43226
43253
43263
43285
43289
43291
43304
43306
43308
43315
43390
43483
43581
43616
43712
43861
44003
44077
44136
44386
44402
44496
44514
44554
44581
44663
44666
44733
44752
44801
44879
44911
45047
45126
45232
45245
45388
45482
45513
45629
45701
45748
45821
45828
45838
45840
45975
46005
46027
46077
46142
46213
46266
46360
46369
46430
46487
46582
46610
46627
46909
46937
47120
47295
47310
47322
47342
47350
47352
47361
47379
47465
47869
47908
47926
47998
48015
48042
48045
48106
48151
48153
48220
48393
48480
48547
48560
48710
48761
49323
49391
49526
49541
49543
49577
49621
49674
49818
50017
50087
50130
50428
50806
50878
50968
51051
51163
51343
51396
51426
51444
51486
51944
51963
51965
52006
52148
52275
52276
52358
52374
52437
52522
52709
52832
52862
52974
53238
53383
53447
53579
53581
53615
53651
53722
53767
53770
53825
53879
53885
53887
54055
54323
54439
54494
54507
54560
54581
54588
54782
54988
55095
55108
55504
55564
55895
55904
56010
56115
56300
56491
56516
56538
56601
56760
56763
56784
57264
57332
57360
57448
57666
57722
57831
57876
57878
58039
58440
58683
58867
59056
60162
63222
63406
63551
63573
63583
63588
63600
63674
63817
64080
64142
64165
64171
64212
64263
65105
65386
65390
65553
65584
66181
66194
66550
66678
66713
66737
66975
67012
67015
67131
67149
67172
67190
67304
67481
67739
67884
67885
67890
67905
67906
67922
67937
67994
68049
68076
68117
68144
68163
68243
68246
68324
68337
68505
68521
68598
68602
68628
68750
68797
68810
68917
68919
68943
69001
69007
69011
69026
69029
69034
69045
69053
69072
69110
69113
69140
69143
69175
69180
69190
69201
69204
69210
69218
69241
69254
69291
69304
69365
69366
69377
69383
69394
69409
69422
69496
69538
69547
69640
69690
69801
69806
69844
69848
69927
69946
69973
70002
70726
70742
70746
70768
70829
70841
70885
70887
70944
70955
70984
70989
71002
71049
71077
71160
71165
71173
71203
71230
71253
71272
71308
71310
71316
71344
71345
71347
71395
71492
71504
71516
71551
71658
71727
71919
71932
71954
72081
72090
72092
72094
72096
72100
72105
72126
72170
72174
72212
72220
72227
72241
72252
72313
72329
72331
72365
72449
72510
72541
72561
72565
72579
72615
72699
72714
72750
72807
72812
72825
72883
72930
72989
73015
73037
73128
73133
73158
73194
73234
73314
73344
73350
73391
73415
73426
73438
73446
73459
73495
73510
73544
73655
73659
73667
73713
73736
73799
73821
73832
73850
73878
73932
73935
73947
73960
73995
74005
74102
74106
74118
74131
74171
74208
74216
74272
74305
74323
74329
74333
74482
74503
74524
74548
74601
74623
74750
74845
74996
75031
75093
75144
75156
75190
75202
75252
75891
75982
76031
76043
76128
76173
76381
76494
76611
76795
76800
76817
76824
76855
76860
76873
76878
76940
76972
76976
77006
77104
77188
77460
77508
77528
77536
77599
77634
77644
77704
77768
77772
77810
77894
77900
77905
77910
77916
77994
78223
78287
78326
78435
78440
78456
78490
78531
78539
78542
78555
78587
78785
78792
78866
78876
78993
79024
79030
79054
79249
79257
79270
79381
79422
79507
79516
79598
79642
79663
79677
79823
79885
79902
79908
79915
79939
79956
80047
80088
80220
80366
80372
80455
80490
80496
80573
80717
80721
80725
80732
80736
80757
80764
80777
80798
80870
80879
80941
81070
81129
81146
81197
81280
81330
81400
81419
81421
81429
81432
81596
81618
81640
81654
81658
81662
81666
81669
81672
81701
81728
81755
81772
81845
82084
82126
82146
82151
82155
82209
82251
82476
82676
82809
83343
83403
83542
83545
83630
83681
83790
83909
83916
84115
84297
84301
84331
84346
84394
84459
85397
89105
94812
94859
94901
94904
94913
95033
95053
95156
95955
95964
95980
95982
95995
96476
96504
98658
98748
98750
98892
98905
101595
102486
103365
105190
105269
105286
105387
105432
105763
108111
108112
108293
108319
108347
108959
109036
109063
109067
109075
109082
109096
109160
109167
109191
109273
109280
109354
109536
109543
109550
109576
109589
109661
110106
115002
116486
116581
116590
116601
116617
116623
116632
116637
116642
116682
116765
116966
117061
117098
117101
117105
117114
117296
117303
117305
117366
117388
117403
117598
117623
117671
117996
118011
118136
118172
118193
118412
118556
118572
118730
118754
118813
118898
118953
119138
119209
119225
119248
119280
119359
119374
119531
119535
119541
119576
119599
119607
119640
119777
119930
134719
134742
134774
134895
134905
135195
135213
135215
135248
135266
135297
135472
135615
135627
135702
135768
135974
136085
136097
136116
136132
136233
136277
136483
136497
136590
136650
136655
136672
136743
136751
136757
136773
136800
136883
136898
136972
136991
137006
137039
137089
137126
137161
137164
137198
137201
137265
137281
137294
137362
137398
137449
137454
137485
137525
137722
138113
138115
138155
138385
138398
138532
138570
138622
138638
138773
138778
138785
138826
138883
138950
138955
138991
139349
139382
139413
139434
139444
139454
139461
139494
139506
139609
139619
139647
139746
139825
139844
139911
140010
140093
140138
140142
140173
140215
140222
140223
140240
140316
140327
140362
140388
140400
140442
140482
140485
140526
140541
140559
140598
140606
140641
140649
140653
140681
140707
140718
140792
140891
140894
141105
141135
141187
141229
141269
141273
141306
141358
141389
141497
141523
141530
141533
141548
141591
141671
141798
141826
141833
141902
141908
141983
142006
142030
142110
142149
142172
142181
142191
142197
142202
142215
142289
142294
142296
142303
142377
142387
142549
142602
142628
142640
142756
142789
142803
142882
142959
143008
143018
143202
143220
143336
143408
143457
143479
143505
143516
143521
143570
143640
143656
143667
143679
143688
143705
143707
143717
143772
143774
143788
143793
143795
143810
143846
143880
143882
143890
143902
143991
144018
144020
144024
144028
144037
144068
144071
144075
144084
144117
144120
144143
144239
144284
144323
144347
144397
144438
144601
144610
144637
144689
144724
144745
144783
144788
144812
144814
144833
144842
144843
144857
144859
145195
145239
145245
145274
145304
145412
145440
145457
145477
145501
145514
145548
145588
145609
145612
145695
145763
145785
145904
145991
146071
146096
146124
146221
146282
146288
146378
146466
146481
146499
146646
146683
146705
146820
146841
146893
146936
146964
147014
147039
147047
147062
147086
147092
147185
147196
147281
147290
147309
147343
147382
147435
147501
147505
147796
147861
147984
147998
148217
148221
148259
148261
148285
148341
148436
148445
148561
148579
148875
148901
149057
149100
149155
149166
149190
149215
149292
149308
149392
149399
149467
149528
149663
149688
149724
149786
149914
149921
149934
149938
149953
150113
150196
150254
150399
150434
150531
150537
150651
150671
150697
150720
150752
150870
150894
150908
150918
151147
151294
151305
151556
151590
151599
151615
151630
151648
151663
151665
151676
151692
151708
151727
151734
151746
151792
151795
151821
151852
151860
151866
151869
151878
151886
151906
151941
152004
152188
152277
152292
152365
152369
152419
152510
152651
152748
152762
152834
152932
152974
153293
153402
153423
153426
153490
153495
153498
153523
153532
153559
153710
153885
153923
153996
154040
154052
154082
154086
154107
154128
154144
154149
154184
154307
154316
154788
154832
154924
155246
155800
156638
157128
157415
158214
158280
158297
158390
158447
158496
158638
158669
158713
158902
158935
159061
159171
162791
162869
163175
163202
163665
163692
164030
164149
164229
164269
164279
164562
164740
164764
164800
165142
165332
165350
165465
165519
165568
165602
165806
165824
166007
166220
166364
166587
166731
166749
166805
166963
166989
167105
167181
167198
167399
167525
167699
167830
168037
168185
168204
168262
168365
168424
168539
168565
168580
168724
168763
168770
168783
168891
168905
168934
168957
169036
169151
169435
169610
169620
169656
169669
169745
169769
169844
169877
169898
169925
169973
170040
170265
170268
170270
170278
170308
170328
170447
170512
170547
170565
170642
170655
170848
170854
170918
170989
171055
171071
171172
171226
171265
171269
171357
171369
171465
171566
171613
171633
171645
171699
171724
171727
171769
171843
171850
171875
171877
171886
171968
172087
172193
172360
173747
173749
173982
174024
174228
174507
174535
174544
174579
174616
174619
174650
174673
174692
174704
174708
175422
175518
176803
176994
177180
177189
177273
177362
177409
177465
177535
177556
177598
177715
177894
177897
177944
177958
178162
178192
178256
178279
178568
178735
178822
178859
178899
178901
178918
179018
180556
180560
181489
181587
181743
181917
182065
182163
182216
182334
182375
182543
182693
182761
182837
183064
183146
184766
184866
184985
185050
185057
185155
185323
185383
185789
185893
186076
186077
186122
186163
186405
186413
186623
186668
186699
186784
186862
187008
187174
187409
187461
187562
187580
187608
187678
187876
187913
187925
187938
188029
188039
188044
188119
188133
188144
188146
188180
188218
188232
188265
188445
188498
188527
188598
188672
188690
188704
188931
188953
188959
188961
188968
188993
189026
189156
189295
189370
189439
189454
189555
189588
189635
189642
189704
189784
189800
190023
190124
190147
190213
190384
190390
190511
190624
190662
190713
190715
190741
190809
190864
190925
190950
190988
191055
191069
191123
191235
191366
191402
191413
191450
191621
191659
191669
191678
191730
191768
191789
191813
191858
191882
192096
192102
192117
192120
192128
192177
192187
192391
192494
192510
192560
192564
192571
192573
192723
192787
192829
192980
193146
193163
193194
193359
193444
193630
193790
193794
193905
193917
194040
194084
194095
194119
194189
194252
194377
194386
194394
194399
194403
194405
194612
194615
194788
194807
194814
194841
194891
194946
195017
195095
195099
195162
195204
195251
195264
195338
195391
195398
195443
195484
195663
195687
195736
195738
195856
195879
195974
195981
195993
196038
196070
196186
196204
196252
196282
196286
196327
196331
196359
196415
196484
196598
196706
196714
196835
196843
196875
196963
197058
197151
197331
197354
197404
197542
197568
197661
197734
197744
197790
197815
197844
197885
198019
198102
198199
198252
198254
198267
198274
198329
198379
198405
198433
198446
198469
198494
198518
198538
198574
198578
198668
198693
198719
198731
198796
198882
198977
198996
199000
199020
199071
199106
199153
199246
199271
199273
199481
199489
199519
199607
199626
199634
199644
199677
199821
199834
199850
199858
199906
200009
200097
200110
200135
200146
200174
200221
200276
200347
200415
200429
200545
200573
200587
200594
200598
200626
200648
200654
200670
200684
200699
200747
200758
200763
200831
200884
200908
200927
200959
201129
201243
201248
201257
201319
201348
201378
201551
201704
201889
202126
202179
202263
202374
202399
206076
206077
206113
206116
206182
206197
206257
206314
206321
206327
206388
206391
206396
206472
206612
206674
206733
206737
206744
206749
206786
206809
206829
206842
206878
210412
212497
212530
212532
212570
212655
212660
212707
212780
213036
213222
213288
213459
213470
213509
213772
213947
213997
214034
214200
214327
214580
214597
214619
215028
215062
215191
215729
215913
215984
216282
216289
216775
216868
216889
217007
217102
217121
217160
217218
217306
217338
217484
217593
217598
217704
217842
218011
218058
218175
218196
218209
218243
218265
218322
218333
218414
218682
218691
218831
218857
218901
218922
218964
219259
219267
219483
219562
219691
219696
219896
219908
220052
220089
220094
220107
220110
220139
220141
220164
220190
220228
220399
220424
220888
220909
221257
221280
221312
221501
221570
221631
221742
221957
222049
222056
222217
222267
222312
222338
222351
222423
222632
222751
222780
222782
222786
222806
222815
222863
222865
222874
222960
223075
223088
223124
223155
223298
223459
223616
223634
223638
223678
223714
223760
223812
224027
224120
224329
224352
224414
224523
224626
224689
224734
224767
224839
224962
225102
225123
225147
225341
225348
225367
225492
225520
225524
225536
225682
225782
225793
225848
225923
225955
225974
226132
226143
226157
226298
226637
226788
226809
226822
226850
226890
226947
226959
227048
227068
227082
227089
227091
227098
227106
227269
227282
227290
227316
227324
227337
227432
231435
231516
231625
231636
231731
231903
231943
232028
232098
232102
232238
232300
232343
232375
232449
232474
232476
232608
232876
233305
233360
233420
238595
238943
242776
247353
247369
247382
247401
247451
247491
247577
247590
247670
247677
247689
247732
247742
247844
247875
247944
248000
248034
248036
248149
248236
248238
248364
248375
248512
248769
248819
256402
259678
259719
259819
259986
260097
260234
260320
260515
260532
260592
260770
260869
261000
261026
261100
261105
261118
261235
261249
261306
261643
261680
261848
261884
261887
261894
261921
262034
262177
262182
262246
262255
262266
262471
262559
263324
263351
263384
263452
263652
263666
263777
264072
264123
264296
264302
264486
264496
264544
264546
264569
264641
264691
264708
264747
264800
264841
264977
265028
265071
265238
265243
265454
265459
265485
265679
265690
265728
265775
265791
265796
265801
265803
265853
265864
265886
265923
266045
266123
266152
266238
266252
266316
266379
266432
266483
266506
267136
267154
267197
267325
267338
267460
267676
267739
267911
268021
268087
268463
268564
268607
268614
268796
269222
269337
269439
269497
269520
269525
269554
269558
269601
269615
269648
269735
269737
269778
269883
269956
270037
270069
270090
270101
270183
270196
270200
270206
270224
270231
270239
270318
270329
270344
270349
270393
270442
270457
270535
270589
270774
270852
270902
270916
270993
271043
271250
271252
271254
271274
271282
271286
271298
271351
271439
271445
271478
271553
271561
271574
271637
271670
271750
271759
271769
271772
271894
271897
271909
271953
272035
272063
272148
272212
272268
272401
272408
272435
272445
272497
272536
272538
272560
272583
272599
272683
272776
272780
272803
272812
272843
272863
272869
272952
273030
273067
273075
273118
273127
273233
273264
273276
273289
273335
273353
273403
273405
273422
273455
273465
273542
273550
273554
273569
273601
273637
273685
273705
273735
273744
273784
273789
273809
273895
273908
273958
273965
274053
274072
274075
274104
274131
274135
274161
274204
274205
274232
274238
274248
274265
274266
274269
274278
274297
274308
274337
274341
274343
274352
274361
274377
274436
274483
274513
274514
274519
274522
274596
274600
274604
274611
274648
274650
274657
274661
274663
274668
274691
274708
274726
274745
274815
274933
274938
274941
274953
274961
274990
275007
275069
275090
275095
275107
275133
275153
275159
275209
275215
275256
275280
275357
275383
275391
275407
275424
275439
275445
275447
275458
275490
275584
275590
275592
275595
275618
275965
275988
276082
276133
276178
276188
276349
276408
276447
276463
276482
276492
276503
276546
276905
276927
277006
277017
277037
277125
277134
277143
277163
277271
277282
277290
277439
277451
277611
277623
277634
277672
277685
277687
277700
277772
277901
277964
277983
278039
278046
278199
278205
278216
278264
278279
278286
278336
278381
278395
278413
278426
278456
278474
278495
278497
278589
278605
278641
278650
278671
278710
278716
278730
278738
278821
278841
278866
278887
278932
278996
279047
279060
279128
279238
279257
279299
279387
279444
279450
279453
279456
279567
279573
279610
279648
279738
279749
279759
279764
279893
279908
279910
279959
279996
280011
280033
280082
280117
280211
280236
280252
280255
280282
280297
280337
280405
280464
280474
280498
280532
280569
280575
280629
280664
280688
280707
280767
280783
280793
280799
280819
280823
280854
280971
280989
280997
281053
281068
281115
281124
281132
281158
281213
281249
281309
281334
281378
281391
281395
281536
281617
281621
281622
281637
281645
281663
281678
281708
281836
281846
282034
282114
282149
282177
282521
282721
282739
282789